# Simple Voice Chat volume config

a4131226-2a7c-4cab-9c1b-757fdc07f690=0.7608695652173914
bd31e7c9-ccc5-4baa-a01c-ca548a545602=0.1956521739130435
eb61b5fc-b2f8-4bc0-a4c3-904fbce6328a=1.0
